4
0 2
0 0 0
0 0 0
0 0 0
1 1 1
0 0 0
3 3
0 0.1 0.1
0 0 0
0 0 0
0.25 0.25 0.25
0 0 0

1 4
0 0 0
0 0 0
0 0 0
1 1 1
0 0 0
2 0
0 0 0
0 0 0
0 0 0
0.25 0.25 0.25
0 0 0

4 1
0 0 0
0 0 0
0 0 0
1 1 1
0 0 0
3 2
0 0.1 0.1
0 0 0
0 0 0
0.25 0.25 0.25
0 0 0

5 6
0 0 0
0 0 0
0 0 0
1 1 1
0 0 0
3 3
0 0.1 0.1
0 0 0
0 0 0
0.25 0.25 0.25
0 0 0

12
1 1
0 1 0
0 0 0
0 0 0
3.0 3.0 3.0
0 0 0

0 5
-1.8 -1 0
0 0 336
0 0 0
0.55 4 1.49
0 0 0

0 4
1.8 -1 0
0 0 23
0 0 0
0.55 4 1.49
0 0 0

0 6
0 -1.8 0
0 0 0
0 0 0
3.8 0.2 10
0 0 0

2 4
-4 -1.5 3
0 0 0
0 90 0
1 0.7 0.7
0 0 0

2 4
4 -1.5 3
0 0 0
0 270 0
1 0.7 0.7
0 0 0

3 5
-2.4 -0.3 -5
0 0 0
0 30 0
5 5 5
0 0 0

0 0
2 -2 0
0 0 0
0 0 0
6.3 0.5 10
0 0 0

0 0
-2 -2 0
0 0 0
0 0 0
6 0.5 10
0 0 0

4 1
3 -1 -4
0 0 0
0 0 0
1 1 1
0 0 0

5 2
2.5 -1.3 2
0 0 0
270 0 0
1 1 1
0 0 0

6 3
-3.6 -0.5 0.5
0 0 0
270 0 0
3 3 3
0 0 0

7 4
-2 -1.8 3
0 0 0
0 0 0
1 1 1
0 0 0
